$MeshFormat
2.2 0 8
$EndMeshFormat
$Entities
4 4 1 0
1 0 
2 0 
3 0 
4 0 
1 2 1 2 0 
2 2 2 3 0 
3 2 3 4 0 
4 2 4 1 0 
1 4 1 2 3 4 0 
$EndEntities
$Nodes
369
1 0 0 0
2 5 0 0
3 5 1 0
4 0 1 0
5 0.125 0 0
6 0.25 0 0
7 0.375 0 0
8 0.5 0 0
9 0.625 0 0
10 0.7500000000000001 0 0
11 0.875 0 0
12 1 0 0
13 1.125 0 0
14 1.25 0 0
15 1.375 0 0
16 1.5 0 0
17 1.625 0 0
18 1.75 0 0
19 1.875 0 0
20 2 0 0
21 2.125 0 0
22 2.25 0 0
23 2.375 0 0
24 2.5 0 0
25 2.625 0 0
26 2.75 0 0
27 2.875 0 0
28 3 0 0
29 3.125 0 0
30 3.25 0 0
31 3.375 0 0
32 3.5 0 0
33 3.625 0 0
34 3.75 0 0
35 3.875 0 0
36 4 0 0
37 4.125 0 0
38 4.25 0 0
39 4.375 0 0
40 4.5 0 0
41 4.625 0 0
42 4.75 0 0
43 4.875 0 0
44 5 0.125 0
45 5 0.25 0
46 5 0.375 0
47 5 0.5 0
48 5 0.625 0
49 5 0.75 0
50 5 0.875 0
51 4.875 1 0
52 4.75 1 0
53 4.625 1 0
54 4.5 1 0
55 4.375 1 0
56 4.25 1 0
57 4.125 1 0
58 4 1 0
59 3.875 1 0
60 3.75 1 0
61 3.625 1 0
62 3.5 1 0
63 3.375 1 0
64 3.25 1 0
65 3.125 1 0
66 3 1 0
67 2.875 1 0
68 2.75 1 0
69 2.625 1 0
70 2.5 1 0
71 2.375 1 0
72 2.25 1 0
73 2.125 1 0
74 2 1 0
75 1.875 1 0
76 1.75 1 0
77 1.625 1 0
78 1.5 1 0
79 1.375 1 0
80 1.25 1 0
81 1.125 1 0
82 1 1 0
83 0.875 1 0
84 0.75 1 0
85 0.625 1 0
86 0.5 1 0
87 0.375 1 0
88 0.25 1 0
89 0.125 1 0
90 0 0.875 0
91 0 0.75 0
92 0 0.625 0
93 0 0.5 0
94 0 0.375 0
95 0 0.25 0
96 0 0.125 0
97 0.25 0.25 0
98 0.25 0.5 0
99 0.25 0.75 0
100 0.5 0.25 0
101 0.5 0.5 0
102 0.5 0.75 0
103 0.75 0.25 0
104 0.75 0.5 0
105 0.75 0.75 0
106 1 0.25 0
107 1 0.5 0
108 1 0.75 0
109 1.25 0.25 0
110 1.25 0.5 0
111 1.25 0.75 0
112 1.5 0.25 0
113 1.5 0.5 0
114 1.5 0.75 0
115 1.75 0.25 0
116 1.75 0.5 0
117 1.75 0.75 0
118 2 0.25 0
119 2 0.5 0
120 2 0.75 0
121 2.25 0.25 0
122 2.25 0.5 0
123 2.25 0.75 0
124 2.5 0.25 0
125 2.5 0.5 0
126 2.5 0.75 0
127 2.75 0.25 0
128 2.75 0.5 0
129 2.75 0.75 0
130 3 0.25 0
131 3 0.5 0
132 3 0.75 0
133 3.25 0.25 0
134 3.25 0.5 0
135 3.25 0.75 0
136 3.500000000000001 0.25 0
137 3.5 0.5 0
138 3.5 0.75 0
139 3.75 0.25 0
140 3.75 0.5 0
141 3.75 0.75 0
142 4 0.25 0
143 4 0.5 0
144 4 0.75 0
145 4.25 0.25 0
146 4.25 0.5 0
147 4.25 0.75 0
148 4.5 0.25 0
149 4.5 0.5 0
150 4.5 0.75 0
151 4.75 0.25 0
152 4.75 0.5 0
153 4.75 0.75 0
154 0.25 0.125 0
155 0.125 0.25 0
156 0.125 0.125 0
157 0.25 0.375 0
158 0.125 0.5 0
159 0.125 0.375 0
160 0.25 0.625 0
161 0.125 0.75 0
162 0.125 0.625 0
163 0.25 0.875 0
164 0.125 0.875 0
165 0.5 0.125 0
166 0.375 0.25 0
167 0.375 0.125 0
168 0.5 0.375 0
169 0.375 0.5 0
170 0.375 0.375 0
171 0.5 0.625 0
172 0.375 0.75 0
173 0.375 0.625 0
174 0.5 0.875 0
175 0.375 0.875 0
176 0.75 0.125 0
177 0.625 0.25 0
178 0.625 0.125 0
179 0.75 0.375 0
180 0.625 0.5 0
181 0.625 0.375 0
182 0.75 0.625 0
183 0.625 0.75 0
184 0.625 0.625 0
185 0.75 0.875 0
186 0.625 0.875 0
187 1 0.125 0
188 0.875 0.25 0
189 0.875 0.125 0
190 1 0.375 0
191 0.875 0.5 0
192 0.875 0.375 0
193 1 0.625 0
194 0.875 0.75 0
195 0.875 0.625 0
196 1 0.875 0
197 0.875 0.875 0
198 1.25 0.125 0
199 1.125 0.25 0
200 1.125 0.125 0
201 1.25 0.375 0
202 1.125 0.5 0
203 1.125 0.375 0
204 1.25 0.625 0
205 1.125 0.75 0
206 1.125 0.625 0
207 1.25 0.875 0
208 1.125 0.875 0
209 1.5 0.125 0
210 1.375 0.25 0
211 1.375 0.125 0
212 1.5 0.375 0
213 1.375 0.5 0
214 1.375 0.375 0
215 1.5 0.625 0
216 1.375 0.75 0
217 1.375 0.625 0
218 1.5 0.875 0
219 1.375 0.875 0
220 1.75 0.125 0
221 1.625 0.25 0
222 1.625 0.125 0
223 1.75 0.375 0
224 1.625 0.5 0
225 1.625 0.375 0
226 1.75 0.625 0
227 1.625 0.75 0
228 1.625 0.625 0
229 1.75 0.875 0
230 1.625 0.875 0
231 2 0.125 0
232 1.875 0.25 0
233 1.875 0.125 0
234 2 0.375 0
235 1.875 0.5 0
236 1.875 0.375 0
237 2 0.625 0
238 1.875 0.75 0
239 1.875 0.625 0
240 2 0.875 0
241 1.875 0.875 0
242 2.25 0.125 0
243 2.125 0.25 0
244 2.125 0.125 0
245 2.25 0.375 0
246 2.125 0.5 0
247 2.125 0.375 0
248 2.25 0.625 0
249 2.125 0.75 0
250 2.125 0.625 0
251 2.25 0.875 0
252 2.125 0.875 0
253 2.5 0.125 0
254 2.375 0.25 0
255 2.375 0.125 0
256 2.5 0.375 0
257 2.375 0.5 0
258 2.375 0.375 0
259 2.5 0.625 0
260 2.375 0.75 0
261 2.375 0.625 0
262 2.5 0.875 0
263 2.375 0.875 0
264 2.75 0.125 0
265 2.625 0.25 0
266 2.625 0.125 0
267 2.75 0.375 0
268 2.625 0.5 0
269 2.625 0.375 0
270 2.75 0.625 0
271 2.625 0.75 0
272 2.625 0.625 0
273 2.75 0.875 0
274 2.625 0.875 0
275 3 0.125 0
276 2.875 0.25 0
277 2.875 0.125 0
278 3 0.375 0
279 2.875 0.5 0
280 2.875 0.375 0
281 3 0.625 0
282 2.875 0.75 0
283 2.875 0.625 0
284 3 0.875 0
285 2.875 0.875 0
286 3.25 0.125 0
287 3.125 0.25 0
288 3.125 0.125 0
289 3.25 0.375 0
290 3.125 0.5 0
291 3.125 0.375 0
292 3.25 0.625 0
293 3.125 0.75 0
294 3.125 0.625 0
295 3.25 0.875 0
296 3.125 0.875 0
297 3.500000000000001 0.125 0
298 3.375 0.25 0
299 3.375000000000001 0.125 0
300 3.5 0.375 0
301 3.375 0.5 0
302 3.375 0.375 0
303 3.5 0.625 0
304 3.375 0.75 0
305 3.375 0.625 0
306 3.5 0.875 0
307 3.375 0.875 0
308 3.75 0.125 0
309 3.625 0.25 0
310 3.625000000000001 0.125 0
311 3.75 0.375 0
312 3.625 0.5 0
313 3.625 0.375 0
314 3.75 0.625 0
315 3.625 0.75 0
316 3.625 0.625 0
317 3.75 0.875 0
318 3.625 0.875 0
319 4 0.125 0
320 3.875 0.25 0
321 3.875 0.125 0
322 4 0.375 0
323 3.875 0.5 0
324 3.875 0.375 0
325 4 0.625 0
326 3.875 0.75 0
327 3.875 0.625 0
328 4 0.875 0
329 3.875 0.875 0
330 4.25 0.125 0
331 4.125 0.25 0
332 4.125 0.125 0
333 4.25 0.375 0
334 4.125 0.5 0
335 4.125 0.375 0
336 4.25 0.625 0
337 4.125 0.75 0
338 4.125 0.625 0
339 4.25 0.875 0
340 4.125 0.875 0
341 4.5 0.125 0
342 4.375 0.25 0
343 4.375 0.125 0
344 4.5 0.375 0
345 4.375 0.5 0
346 4.375 0.375 0
347 4.5 0.625 0
348 4.375 0.75 0
349 4.375 0.625 0
350 4.5 0.875 0
351 4.375 0.875 0
352 4.75 0.125 0
353 4.625 0.25 0
354 4.625 0.125 0
355 4.75 0.375 0
356 4.625 0.5 0
357 4.625 0.375 0
358 4.75 0.625 0
359 4.625 0.75 0
360 4.625 0.625 0
361 4.75 0.875 0
362 4.625 0.875 0
363 4.875 0.25 0
364 4.875 0.125 0
365 4.875 0.5 0
366 4.875 0.375 0
367 4.875 0.75 0
368 4.875 0.625 0
369 4.875 0.875 0
$EndNodes
$Elements
420
1 15 2 0 1 1
2 15 2 0 2 2
3 15 2 0 3 3
4 15 2 0 4 4
5 1 2 0 1 1 5
6 1 2 0 1 5 6
7 1 2 0 1 6 7
8 1 2 0 1 7 8
9 1 2 0 1 8 9
10 1 2 0 1 9 10
11 1 2 0 1 10 11
12 1 2 0 1 11 12
13 1 2 0 1 12 13
14 1 2 0 1 13 14
15 1 2 0 1 14 15
16 1 2 0 1 15 16
17 1 2 0 1 16 17
18 1 2 0 1 17 18
19 1 2 0 1 18 19
20 1 2 0 1 19 20
21 1 2 0 1 20 21
22 1 2 0 1 21 22
23 1 2 0 1 22 23
24 1 2 0 1 23 24
25 1 2 0 1 24 25
26 1 2 0 1 25 26
27 1 2 0 1 26 27
28 1 2 0 1 27 28
29 1 2 0 1 28 29
30 1 2 0 1 29 30
31 1 2 0 1 30 31
32 1 2 0 1 31 32
33 1 2 0 1 32 33
34 1 2 0 1 33 34
35 1 2 0 1 34 35
36 1 2 0 1 35 36
37 1 2 0 1 36 37
38 1 2 0 1 37 38
39 1 2 0 1 38 39
40 1 2 0 1 39 40
41 1 2 0 1 40 41
42 1 2 0 1 41 42
43 1 2 0 1 42 43
44 1 2 0 1 43 2
45 1 2 0 2 2 44
46 1 2 0 2 44 45
47 1 2 0 2 45 46
48 1 2 0 2 46 47
49 1 2 0 2 47 48
50 1 2 0 2 48 49
51 1 2 0 2 49 50
52 1 2 0 2 50 3
53 1 2 0 3 3 51
54 1 2 0 3 51 52
55 1 2 0 3 52 53
56 1 2 0 3 53 54
57 1 2 0 3 54 55
58 1 2 0 3 55 56
59 1 2 0 3 56 57
60 1 2 0 3 57 58
61 1 2 0 3 58 59
62 1 2 0 3 59 60
63 1 2 0 3 60 61
64 1 2 0 3 61 62
65 1 2 0 3 62 63
66 1 2 0 3 63 64
67 1 2 0 3 64 65
68 1 2 0 3 65 66
69 1 2 0 3 66 67
70 1 2 0 3 67 68
71 1 2 0 3 68 69
72 1 2 0 3 69 70
73 1 2 0 3 70 71
74 1 2 0 3 71 72
75 1 2 0 3 72 73
76 1 2 0 3 73 74
77 1 2 0 3 74 75
78 1 2 0 3 75 76
79 1 2 0 3 76 77
80 1 2 0 3 77 78
81 1 2 0 3 78 79
82 1 2 0 3 79 80
83 1 2 0 3 80 81
84 1 2 0 3 81 82
85 1 2 0 3 82 83
86 1 2 0 3 83 84
87 1 2 0 3 84 85
88 1 2 0 3 85 86
89 1 2 0 3 86 87
90 1 2 0 3 87 88
91 1 2 0 3 88 89
92 1 2 0 3 89 4
93 1 2 0 4 4 90
94 1 2 0 4 90 91
95 1 2 0 4 91 92
96 1 2 0 4 92 93
97 1 2 0 4 93 94
98 1 2 0 4 94 95
99 1 2 0 4 95 96
100 1 2 0 4 96 1
101 3 2 0 1 1 5 156 96
102 3 2 0 1 5 6 154 156
103 3 2 0 1 156 154 97 155
104 3 2 0 1 96 156 155 95
105 3 2 0 1 95 155 159 94
106 3 2 0 1 155 97 157 159
107 3 2 0 1 159 157 98 158
108 3 2 0 1 94 159 158 93
109 3 2 0 1 93 158 162 92
110 3 2 0 1 158 98 160 162
111 3 2 0 1 162 160 99 161
112 3 2 0 1 92 162 161 91
113 3 2 0 1 91 161 164 90
114 3 2 0 1 161 99 163 164
115 3 2 0 1 164 163 88 89
116 3 2 0 1 90 164 89 4
117 3 2 0 1 6 7 167 154
118 3 2 0 1 7 8 165 167
119 3 2 0 1 167 165 100 166
120 3 2 0 1 154 167 166 97
121 3 2 0 1 97 166 170 157
122 3 2 0 1 166 100 168 170
123 3 2 0 1 170 168 101 169
124 3 2 0 1 157 170 169 98
125 3 2 0 1 98 169 173 160
126 3 2 0 1 169 101 171 173
127 3 2 0 1 173 171 102 172
128 3 2 0 1 160 173 172 99
129 3 2 0 1 99 172 175 163
130 3 2 0 1 172 102 174 175
131 3 2 0 1 175 174 86 87
132 3 2 0 1 163 175 87 88
133 3 2 0 1 8 9 178 165
134 3 2 0 1 9 10 176 178
135 3 2 0 1 178 176 103 177
136 3 2 0 1 165 178 177 100
137 3 2 0 1 100 177 181 168
138 3 2 0 1 177 103 179 181
139 3 2 0 1 181 179 104 180
140 3 2 0 1 168 181 180 101
141 3 2 0 1 101 180 184 171
142 3 2 0 1 180 104 182 184
143 3 2 0 1 184 182 105 183
144 3 2 0 1 171 184 183 102
145 3 2 0 1 102 183 186 174
146 3 2 0 1 183 105 185 186
147 3 2 0 1 186 185 84 85
148 3 2 0 1 174 186 85 86
149 3 2 0 1 10 11 189 176
150 3 2 0 1 11 12 187 189
151 3 2 0 1 189 187 106 188
152 3 2 0 1 176 189 188 103
153 3 2 0 1 103 188 192 179
154 3 2 0 1 188 106 190 192
155 3 2 0 1 192 190 107 191
156 3 2 0 1 179 192 191 104
157 3 2 0 1 104 191 195 182
158 3 2 0 1 191 107 193 195
159 3 2 0 1 195 193 108 194
160 3 2 0 1 182 195 194 105
161 3 2 0 1 105 194 197 185
162 3 2 0 1 194 108 196 197
163 3 2 0 1 197 196 82 83
164 3 2 0 1 185 197 83 84
165 3 2 0 1 12 13 200 187
166 3 2 0 1 13 14 198 200
167 3 2 0 1 200 198 109 199
168 3 2 0 1 187 200 199 106
169 3 2 0 1 106 199 203 190
170 3 2 0 1 199 109 201 203
171 3 2 0 1 203 201 110 202
172 3 2 0 1 190 203 202 107
173 3 2 0 1 107 202 206 193
174 3 2 0 1 202 110 204 206
175 3 2 0 1 206 204 111 205
176 3 2 0 1 193 206 205 108
177 3 2 0 1 108 205 208 196
178 3 2 0 1 205 111 207 208
179 3 2 0 1 208 207 80 81
180 3 2 0 1 196 208 81 82
181 3 2 0 1 14 15 211 198
182 3 2 0 1 15 16 209 211
183 3 2 0 1 211 209 112 210
184 3 2 0 1 198 211 210 109
185 3 2 0 1 109 210 214 201
186 3 2 0 1 210 112 212 214
187 3 2 0 1 214 212 113 213
188 3 2 0 1 201 214 213 110
189 3 2 0 1 110 213 217 204
190 3 2 0 1 213 113 215 217
191 3 2 0 1 217 215 114 216
192 3 2 0 1 204 217 216 111
193 3 2 0 1 111 216 219 207
194 3 2 0 1 216 114 218 219
195 3 2 0 1 219 218 78 79
196 3 2 0 1 207 219 79 80
197 3 2 0 1 16 17 222 209
198 3 2 0 1 17 18 220 222
199 3 2 0 1 222 220 115 221
200 3 2 0 1 209 222 221 112
201 3 2 0 1 112 221 225 212
202 3 2 0 1 221 115 223 225
203 3 2 0 1 225 223 116 224
204 3 2 0 1 212 225 224 113
205 3 2 0 1 113 224 228 215
206 3 2 0 1 224 116 226 228
207 3 2 0 1 228 226 117 227
208 3 2 0 1 215 228 227 114
209 3 2 0 1 114 227 230 218
210 3 2 0 1 227 117 229 230
211 3 2 0 1 230 229 76 77
212 3 2 0 1 218 230 77 78
213 3 2 0 1 18 19 233 220
214 3 2 0 1 19 20 231 233
215 3 2 0 1 233 231 118 232
216 3 2 0 1 220 233 232 115
217 3 2 0 1 115 232 236 223
218 3 2 0 1 232 118 234 236
219 3 2 0 1 236 234 119 235
220 3 2 0 1 223 236 235 116
221 3 2 0 1 116 235 239 226
222 3 2 0 1 235 119 237 239
223 3 2 0 1 239 237 120 238
224 3 2 0 1 226 239 238 117
225 3 2 0 1 117 238 241 229
226 3 2 0 1 238 120 240 241
227 3 2 0 1 241 240 74 75
228 3 2 0 1 229 241 75 76
229 3 2 0 1 20 21 244 231
230 3 2 0 1 21 22 242 244
231 3 2 0 1 244 242 121 243
232 3 2 0 1 231 244 243 118
233 3 2 0 1 118 243 247 234
234 3 2 0 1 243 121 245 247
235 3 2 0 1 247 245 122 246
236 3 2 0 1 234 247 246 119
237 3 2 0 1 119 246 250 237
238 3 2 0 1 246 122 248 250
239 3 2 0 1 250 248 123 249
240 3 2 0 1 237 250 249 120
241 3 2 0 1 120 249 252 240
242 3 2 0 1 249 123 251 252
243 3 2 0 1 252 251 72 73
244 3 2 0 1 240 252 73 74
245 3 2 0 1 22 23 255 242
246 3 2 0 1 23 24 253 255
247 3 2 0 1 255 253 124 254
248 3 2 0 1 242 255 254 121
249 3 2 0 1 121 254 258 245
250 3 2 0 1 254 124 256 258
251 3 2 0 1 258 256 125 257
252 3 2 0 1 245 258 257 122
253 3 2 0 1 122 257 261 248
254 3 2 0 1 257 125 259 261
255 3 2 0 1 261 259 126 260
256 3 2 0 1 248 261 260 123
257 3 2 0 1 123 260 263 251
258 3 2 0 1 260 126 262 263
259 3 2 0 1 263 262 70 71
260 3 2 0 1 251 263 71 72
261 3 2 0 1 24 25 266 253
262 3 2 0 1 25 26 264 266
263 3 2 0 1 266 264 127 265
264 3 2 0 1 253 266 265 124
265 3 2 0 1 124 265 269 256
266 3 2 0 1 265 127 267 269
267 3 2 0 1 269 267 128 268
268 3 2 0 1 256 269 268 125
269 3 2 0 1 125 268 272 259
270 3 2 0 1 268 128 270 272
271 3 2 0 1 272 270 129 271
272 3 2 0 1 259 272 271 126
273 3 2 0 1 126 271 274 262
274 3 2 0 1 271 129 273 274
275 3 2 0 1 274 273 68 69
276 3 2 0 1 262 274 69 70
277 3 2 0 1 26 27 277 264
278 3 2 0 1 27 28 275 277
279 3 2 0 1 277 275 130 276
280 3 2 0 1 264 277 276 127
281 3 2 0 1 127 276 280 267
282 3 2 0 1 276 130 278 280
283 3 2 0 1 280 278 131 279
284 3 2 0 1 267 280 279 128
285 3 2 0 1 128 279 283 270
286 3 2 0 1 279 131 281 283
287 3 2 0 1 283 281 132 282
288 3 2 0 1 270 283 282 129
289 3 2 0 1 129 282 285 273
290 3 2 0 1 282 132 284 285
291 3 2 0 1 285 284 66 67
292 3 2 0 1 273 285 67 68
293 3 2 0 1 28 29 288 275
294 3 2 0 1 29 30 286 288
295 3 2 0 1 288 286 133 287
296 3 2 0 1 275 288 287 130
297 3 2 0 1 130 287 291 278
298 3 2 0 1 287 133 289 291
299 3 2 0 1 291 289 134 290
300 3 2 0 1 278 291 290 131
301 3 2 0 1 131 290 294 281
302 3 2 0 1 290 134 292 294
303 3 2 0 1 294 292 135 293
304 3 2 0 1 281 294 293 132
305 3 2 0 1 132 293 296 284
306 3 2 0 1 293 135 295 296
307 3 2 0 1 296 295 64 65
308 3 2 0 1 284 296 65 66
309 3 2 0 1 30 31 299 286
310 3 2 0 1 31 32 297 299
311 3 2 0 1 299 297 136 298
312 3 2 0 1 286 299 298 133
313 3 2 0 1 133 298 302 289
314 3 2 0 1 298 136 300 302
315 3 2 0 1 302 300 137 301
316 3 2 0 1 289 302 301 134
317 3 2 0 1 134 301 305 292
318 3 2 0 1 301 137 303 305
319 3 2 0 1 305 303 138 304
320 3 2 0 1 292 305 304 135
321 3 2 0 1 135 304 307 295
322 3 2 0 1 304 138 306 307
323 3 2 0 1 307 306 62 63
324 3 2 0 1 295 307 63 64
325 3 2 0 1 32 33 310 297
326 3 2 0 1 33 34 308 310
327 3 2 0 1 310 308 139 309
328 3 2 0 1 297 310 309 136
329 3 2 0 1 136 309 313 300
330 3 2 0 1 309 139 311 313
331 3 2 0 1 313 311 140 312
332 3 2 0 1 300 313 312 137
333 3 2 0 1 137 312 316 303
334 3 2 0 1 312 140 314 316
335 3 2 0 1 316 314 141 315
336 3 2 0 1 303 316 315 138
337 3 2 0 1 138 315 318 306
338 3 2 0 1 315 141 317 318
339 3 2 0 1 318 317 60 61
340 3 2 0 1 306 318 61 62
341 3 2 0 1 34 35 321 308
342 3 2 0 1 35 36 319 321
343 3 2 0 1 321 319 142 320
344 3 2 0 1 308 321 320 139
345 3 2 0 1 139 320 324 311
346 3 2 0 1 320 142 322 324
347 3 2 0 1 324 322 143 323
348 3 2 0 1 311 324 323 140
349 3 2 0 1 140 323 327 314
350 3 2 0 1 323 143 325 327
351 3 2 0 1 327 325 144 326
352 3 2 0 1 314 327 326 141
353 3 2 0 1 141 326 329 317
354 3 2 0 1 326 144 328 329
355 3 2 0 1 329 328 58 59
356 3 2 0 1 317 329 59 60
357 3 2 0 1 36 37 332 319
358 3 2 0 1 37 38 330 332
359 3 2 0 1 332 330 145 331
360 3 2 0 1 319 332 331 142
361 3 2 0 1 142 331 335 322
362 3 2 0 1 331 145 333 335
363 3 2 0 1 335 333 146 334
364 3 2 0 1 322 335 334 143
365 3 2 0 1 143 334 338 325
366 3 2 0 1 334 146 336 338
367 3 2 0 1 338 336 147 337
368 3 2 0 1 325 338 337 144
369 3 2 0 1 144 337 340 328
370 3 2 0 1 337 147 339 340
371 3 2 0 1 340 339 56 57
372 3 2 0 1 328 340 57 58
373 3 2 0 1 38 39 343 330
374 3 2 0 1 39 40 341 343
375 3 2 0 1 343 341 148 342
376 3 2 0 1 330 343 342 145
377 3 2 0 1 145 342 346 333
378 3 2 0 1 342 148 344 346
379 3 2 0 1 346 344 149 345
380 3 2 0 1 333 346 345 146
381 3 2 0 1 146 345 349 336
382 3 2 0 1 345 149 347 349
383 3 2 0 1 349 347 150 348
384 3 2 0 1 336 349 348 147
385 3 2 0 1 147 348 351 339
386 3 2 0 1 348 150 350 351
387 3 2 0 1 351 350 54 55
388 3 2 0 1 339 351 55 56
389 3 2 0 1 40 41 354 341
390 3 2 0 1 41 42 352 354
391 3 2 0 1 354 352 151 353
392 3 2 0 1 341 354 353 148
393 3 2 0 1 148 353 357 344
394 3 2 0 1 353 151 355 357
395 3 2 0 1 357 355 152 356
396 3 2 0 1 344 357 356 149
397 3 2 0 1 149 356 360 347
398 3 2 0 1 356 152 358 360
399 3 2 0 1 360 358 153 359
400 3 2 0 1 347 360 359 150
401 3 2 0 1 150 359 362 350
402 3 2 0 1 359 153 361 362
403 3 2 0 1 362 361 52 53
404 3 2 0 1 350 362 53 54
405 3 2 0 1 42 43 364 352
406 3 2 0 1 43 2 44 364
407 3 2 0 1 364 44 45 363
408 3 2 0 1 352 364 363 151
409 3 2 0 1 151 363 366 355
410 3 2 0 1 363 45 46 366
411 3 2 0 1 366 46 47 365
412 3 2 0 1 355 366 365 152
413 3 2 0 1 152 365 368 358
414 3 2 0 1 365 47 48 368
415 3 2 0 1 368 48 49 367
416 3 2 0 1 358 368 367 153
417 3 2 0 1 153 367 369 361
418 3 2 0 1 367 49 50 369
419 3 2 0 1 369 50 3 51
420 3 2 0 1 361 369 51 52
$EndElements
