1 5 156 96
5 6 154 156
156 154 97 155
96 156 155 95
95 155 159 94
155 97 157 159
159 157 98 158
94 159 158 93
93 158 162 92
158 98 160 162
162 160 99 161
92 162 161 91
91 161 164 90
161 99 163 164
164 163 88 89
90 164 89 4
6 7 167 154
7 8 165 167
167 165 100 166
154 167 166 97
97 166 170 157
166 100 168 170
170 168 101 169
157 170 169 98
98 169 173 160
169 101 171 173
173 171 102 172
160 173 172 99
99 172 175 163
172 102 174 175
175 174 86 87
163 175 87 88
8 9 178 165
9 10 176 178
178 176 103 177
165 178 177 100
100 177 181 168
177 103 179 181
181 179 104 180
168 181 180 101
101 180 184 171
180 104 182 184
184 182 105 183
171 184 183 102
102 183 186 174
183 105 185 186
186 185 84 85
174 186 85 86
10 11 189 176
11 12 187 189
189 187 106 188
176 189 188 103
103 188 192 179
188 106 190 192
192 190 107 191
179 192 191 104
104 191 195 182
191 107 193 195
195 193 108 194
182 195 194 105
105 194 197 185
194 108 196 197
197 196 82 83
185 197 83 84
12 13 200 187
13 14 198 200
200 198 109 199
187 200 199 106
106 199 203 190
199 109 201 203
203 201 110 202
190 203 202 107
107 202 206 193
202 110 204 206
206 204 111 205
193 206 205 108
108 205 208 196
205 111 207 208
208 207 80 81
196 208 81 82
14 15 211 198
15 16 209 211
211 209 112 210
198 211 210 109
109 210 214 201
210 112 212 214
214 212 113 213
201 214 213 110
110 213 217 204
213 113 215 217
217 215 114 216
204 217 216 111
111 216 219 207
216 114 218 219
219 218 78 79
207 219 79 80
16 17 222 209
17 18 220 222
222 220 115 221
209 222 221 112
112 221 225 212
221 115 223 225
225 223 116 224
212 225 224 113
113 224 228 215
224 116 226 228
228 226 117 227
215 228 227 114
114 227 230 218
227 117 229 230
230 229 76 77
218 230 77 78
18 19 233 220
19 20 231 233
233 231 118 232
220 233 232 115
115 232 236 223
232 118 234 236
236 234 119 235
223 236 235 116
116 235 239 226
235 119 237 239
239 237 120 238
226 239 238 117
117 238 241 229
238 120 240 241
241 240 74 75
229 241 75 76
20 21 244 231
21 22 242 244
244 242 121 243
231 244 243 118
118 243 247 234
243 121 245 247
247 245 122 246
234 247 246 119
119 246 250 237
246 122 248 250
250 248 123 249
237 250 249 120
120 249 252 240
249 123 251 252
252 251 72 73
240 252 73 74
22 23 255 242
23 24 253 255
255 253 124 254
242 255 254 121
121 254 258 245
254 124 256 258
258 256 125 257
245 258 257 122
122 257 261 248
257 125 259 261
261 259 126 260
248 261 260 123
123 260 263 251
260 126 262 263
263 262 70 71
251 263 71 72
24 25 266 253
25 26 264 266
266 264 127 265
253 266 265 124
124 265 269 256
265 127 267 269
269 267 128 268
256 269 268 125
125 268 272 259
268 128 270 272
272 270 129 271
259 272 271 126
126 271 274 262
271 129 273 274
274 273 68 69
262 274 69 70
26 27 277 264
27 28 275 277
277 275 130 276
264 277 276 127
127 276 280 267
276 130 278 280
280 278 131 279
267 280 279 128
128 279 283 270
279 131 281 283
283 281 132 282
270 283 282 129
129 282 285 273
282 132 284 285
285 284 66 67
273 285 67 68
28 29 288 275
29 30 286 288
288 286 133 287
275 288 287 130
130 287 291 278
287 133 289 291
291 289 134 290
278 291 290 131
131 290 294 281
290 134 292 294
294 292 135 293
281 294 293 132
132 293 296 284
293 135 295 296
296 295 64 65
284 296 65 66
30 31 299 286
31 32 297 299
299 297 136 298
286 299 298 133
133 298 302 289
298 136 300 302
302 300 137 301
289 302 301 134
134 301 305 292
301 137 303 305
305 303 138 304
292 305 304 135
135 304 307 295
304 138 306 307
307 306 62 63
295 307 63 64
32 33 310 297
33 34 308 310
310 308 139 309
297 310 309 136
136 309 313 300
309 139 311 313
313 311 140 312
300 313 312 137
137 312 316 303
312 140 314 316
316 314 141 315
303 316 315 138
138 315 318 306
315 141 317 318
318 317 60 61
306 318 61 62
34 35 321 308
35 36 319 321
321 319 142 320
308 321 320 139
139 320 324 311
320 142 322 324
324 322 143 323
311 324 323 140
140 323 327 314
323 143 325 327
327 325 144 326
314 327 326 141
141 326 329 317
326 144 328 329
329 328 58 59
317 329 59 60
36 37 332 319
37 38 330 332
332 330 145 331
319 332 331 142
142 331 335 322
331 145 333 335
335 333 146 334
322 335 334 143
143 334 338 325
334 146 336 338
338 336 147 337
325 338 337 144
144 337 340 328
337 147 339 340
340 339 56 57
328 340 57 58
38 39 343 330
39 40 341 343
343 341 148 342
330 343 342 145
145 342 346 333
342 148 344 346
346 344 149 345
333 346 345 146
146 345 349 336
345 149 347 349
349 347 150 348
336 349 348 147
147 348 351 339
348 150 350 351
351 350 54 55
339 351 55 56
40 41 354 341
41 42 352 354
354 352 151 353
341 354 353 148
148 353 357 344
353 151 355 357
357 355 152 356
344 357 356 149
149 356 360 347
356 152 358 360
360 358 153 359
347 360 359 150
150 359 362 350
359 153 361 362
362 361 52 53
350 362 53 54
42 43 364 352
43 2 44 364
364 44 45 363
352 364 363 151
151 363 366 355
363 45 46 366
366 46 47 365
355 366 365 152
152 365 368 358
365 47 48 368
368 48 49 367
358 368 367 153
153 367 369 361
367 49 50 369
369 50 3 51
361 369 51 52
