1 5 468 192
5 6 466 468
468 466 252 467
192 468 467 191
6 7 471 466
7 8 469 471
471 469 250 470
466 471 470 252
252 470 475 474
470 250 472 475
475 472 193 473
474 475 473 251
191 467 477 190
467 252 474 477
477 474 251 476
190 477 476 189
189 476 480 188
476 251 478 480
480 478 255 479
188 480 479 187
251 473 483 478
473 193 481 483
483 481 253 482
478 483 482 255
255 482 487 486
482 253 484 487
487 484 194 485
486 487 485 254
187 479 489 186
479 255 486 489
489 486 254 488
186 489 488 185
185 488 492 184
488 254 490 492
492 490 258 491
184 492 491 183
254 485 495 490
485 194 493 495
495 493 256 494
490 495 494 258
258 494 499 498
494 256 496 499
499 496 195 497
498 499 497 257
183 491 501 182
491 258 498 501
501 498 257 500
182 501 500 181
181 500 504 180
500 257 502 504
504 502 260 503
180 504 503 179
257 497 507 502
497 195 505 507
507 505 259 506
502 507 506 260
260 506 510 509
506 259 508 510
510 508 174 175
509 510 175 176
179 503 511 178
503 260 509 511
511 509 176 177
178 511 177 4
8 9 514 469
9 10 512 514
514 512 263 513
469 514 513 250
10 11 517 512
11 12 515 517
517 515 261 516
512 517 516 263
263 516 521 520
516 261 518 521
521 518 196 519
520 521 519 262
250 513 523 472
513 263 520 523
523 520 262 522
472 523 522 193
193 522 526 481
522 262 524 526
526 524 266 525
481 526 525 253
262 519 529 524
519 196 527 529
529 527 264 528
524 529 528 266
266 528 533 532
528 264 530 533
533 530 197 531
532 533 531 265
253 525 535 484
525 266 532 535
535 532 265 534
484 535 534 194
194 534 538 493
534 265 536 538
538 536 269 537
493 538 537 256
265 531 541 536
531 197 539 541
541 539 267 540
536 541 540 269
269 540 545 544
540 267 542 545
545 542 198 543
544 545 543 268
256 537 547 496
537 269 544 547
547 544 268 546
496 547 546 195
195 546 550 505
546 268 548 550
550 548 271 549
505 550 549 259
268 543 553 548
543 198 551 553
553 551 270 552
548 553 552 271
271 552 556 555
552 270 554 556
556 554 170 171
555 556 171 172
259 549 557 508
549 271 555 557
557 555 172 173
508 557 173 174
12 13 560 515
13 14 558 560
560 558 274 559
515 560 559 261
14 15 563 558
15 16 561 563
563 561 272 562
558 563 562 274
274 562 567 566
562 272 564 567
567 564 199 565
566 567 565 273
261 559 569 518
559 274 566 569
569 566 273 568
518 569 568 196
196 568 572 527
568 273 570 572
572 570 277 571
527 572 571 264
273 565 575 570
565 199 573 575
575 573 275 574
570 575 574 277
277 574 579 578
574 275 576 579
579 576 200 577
578 579 577 276
264 571 581 530
571 277 578 581
581 578 276 580
530 581 580 197
197 580 584 539
580 276 582 584
584 582 280 583
539 584 583 267
276 577 587 582
577 200 585 587
587 585 278 586
582 587 586 280
280 586 591 590
586 278 588 591
591 588 201 589
590 591 589 279
267 583 593 542
583 280 590 593
593 590 279 592
542 593 592 198
198 592 596 551
592 279 594 596
596 594 282 595
551 596 595 270
279 589 599 594
589 201 597 599
599 597 281 598
594 599 598 282
282 598 602 601
598 281 600 602
602 600 166 167
601 602 167 168
270 595 603 554
595 282 601 603
603 601 168 169
554 603 169 170
16 17 606 561
17 18 604 606
606 604 285 605
561 606 605 272
18 19 609 604
19 20 607 609
609 607 283 608
604 609 608 285
285 608 613 612
608 283 610 613
613 610 202 611
612 613 611 284
272 605 615 564
605 285 612 615
615 612 284 614
564 615 614 199
199 614 618 573
614 284 616 618
618 616 288 617
573 618 617 275
284 611 621 616
611 202 619 621
621 619 286 620
616 621 620 288
288 620 625 624
620 286 622 625
625 622 203 623
624 625 623 287
275 617 627 576
617 288 624 627
627 624 287 626
576 627 626 200
200 626 630 585
626 287 628 630
630 628 291 629
585 630 629 278
287 623 633 628
623 203 631 633
633 631 289 632
628 633 632 291
291 632 637 636
632 289 634 637
637 634 204 635
636 637 635 290
278 629 639 588
629 291 636 639
639 636 290 638
588 639 638 201
201 638 642 597
638 290 640 642
642 640 293 641
597 642 641 281
290 635 645 640
635 204 643 645
645 643 292 644
640 645 644 293
293 644 648 647
644 292 646 648
648 646 162 163
647 648 163 164
281 641 649 600
641 293 647 649
649 647 164 165
600 649 165 166
20 21 652 607
21 22 650 652
652 650 296 651
607 652 651 283
22 23 655 650
23 24 653 655
655 653 294 654
650 655 654 296
296 654 659 658
654 294 656 659
659 656 205 657
658 659 657 295
283 651 661 610
651 296 658 661
661 658 295 660
610 661 660 202
202 660 664 619
660 295 662 664
664 662 299 663
619 664 663 286
295 657 667 662
657 205 665 667
667 665 297 666
662 667 666 299
299 666 671 670
666 297 668 671
671 668 206 669
670 671 669 298
286 663 673 622
663 299 670 673
673 670 298 672
622 673 672 203
203 672 676 631
672 298 674 676
676 674 302 675
631 676 675 289
298 669 679 674
669 206 677 679
679 677 300 678
674 679 678 302
302 678 683 682
678 300 680 683
683 680 207 681
682 683 681 301
289 675 685 634
675 302 682 685
685 682 301 684
634 685 684 204
204 684 688 643
684 301 686 688
688 686 304 687
643 688 687 292
301 681 691 686
681 207 689 691
691 689 303 690
686 691 690 304
304 690 694 693
690 303 692 694
694 692 158 159
693 694 159 160
292 687 695 646
687 304 693 695
695 693 160 161
646 695 161 162
24 25 698 653
25 26 696 698
698 696 307 697
653 698 697 294
26 27 701 696
27 28 699 701
701 699 305 700
696 701 700 307
307 700 705 704
700 305 702 705
705 702 208 703
704 705 703 306
294 697 707 656
697 307 704 707
707 704 306 706
656 707 706 205
205 706 710 665
706 306 708 710
710 708 310 709
665 710 709 297
306 703 713 708
703 208 711 713
713 711 308 712
708 713 712 310
310 712 717 716
712 308 714 717
717 714 209 715
716 717 715 309
297 709 719 668
709 310 716 719
719 716 309 718
668 719 718 206
206 718 722 677
718 309 720 722
722 720 313 721
677 722 721 300
309 715 725 720
715 209 723 725
725 723 311 724
720 725 724 313
313 724 729 728
724 311 726 729
729 726 210 727
728 729 727 312
300 721 731 680
721 313 728 731
731 728 312 730
680 731 730 207
207 730 734 689
730 312 732 734
734 732 315 733
689 734 733 303
312 727 737 732
727 210 735 737
737 735 314 736
732 737 736 315
315 736 740 739
736 314 738 740
740 738 154 155
739 740 155 156
303 733 741 692
733 315 739 741
741 739 156 157
692 741 157 158
28 29 744 699
29 30 742 744
744 742 318 743
699 744 743 305
30 31 747 742
31 32 745 747
747 745 316 746
742 747 746 318
318 746 751 750
746 316 748 751
751 748 211 749
750 751 749 317
305 743 753 702
743 318 750 753
753 750 317 752
702 753 752 208
208 752 756 711
752 317 754 756
756 754 321 755
711 756 755 308
317 749 759 754
749 211 757 759
759 757 319 758
754 759 758 321
321 758 763 762
758 319 760 763
763 760 212 761
762 763 761 320
308 755 765 714
755 321 762 765
765 762 320 764
714 765 764 209
209 764 768 723
764 320 766 768
768 766 324 767
723 768 767 311
320 761 771 766
761 212 769 771
771 769 322 770
766 771 770 324
324 770 775 774
770 322 772 775
775 772 213 773
774 775 773 323
311 767 777 726
767 324 774 777
777 774 323 776
726 777 776 210
210 776 780 735
776 323 778 780
780 778 326 779
735 780 779 314
323 773 783 778
773 213 781 783
783 781 325 782
778 783 782 326
326 782 786 785
782 325 784 786
786 784 150 151
785 786 151 152
314 779 787 738
779 326 785 787
787 785 152 153
738 787 153 154
32 33 790 745
33 34 788 790
790 788 329 789
745 790 789 316
34 35 793 788
35 36 791 793
793 791 327 792
788 793 792 329
329 792 797 796
792 327 794 797
797 794 214 795
796 797 795 328
316 789 799 748
789 329 796 799
799 796 328 798
748 799 798 211
211 798 802 757
798 328 800 802
802 800 332 801
757 802 801 319
328 795 805 800
795 214 803 805
805 803 330 804
800 805 804 332
332 804 809 808
804 330 806 809
809 806 215 807
808 809 807 331
319 801 811 760
801 332 808 811
811 808 331 810
760 811 810 212
212 810 814 769
810 331 812 814
814 812 335 813
769 814 813 322
331 807 817 812
807 215 815 817
817 815 333 816
812 817 816 335
335 816 821 820
816 333 818 821
821 818 216 819
820 821 819 334
322 813 823 772
813 335 820 823
823 820 334 822
772 823 822 213
213 822 826 781
822 334 824 826
826 824 337 825
781 826 825 325
334 819 829 824
819 216 827 829
829 827 336 828
824 829 828 337
337 828 832 831
828 336 830 832
832 830 146 147
831 832 147 148
325 825 833 784
825 337 831 833
833 831 148 149
784 833 149 150
36 37 836 791
37 38 834 836
836 834 340 835
791 836 835 327
38 39 839 834
39 40 837 839
839 837 338 838
834 839 838 340
340 838 843 842
838 338 840 843
843 840 217 841
842 843 841 339
327 835 845 794
835 340 842 845
845 842 339 844
794 845 844 214
214 844 848 803
844 339 846 848
848 846 343 847
803 848 847 330
339 841 851 846
841 217 849 851
851 849 341 850
846 851 850 343
343 850 855 854
850 341 852 855
855 852 218 853
854 855 853 342
330 847 857 806
847 343 854 857
857 854 342 856
806 857 856 215
215 856 860 815
856 342 858 860
860 858 346 859
815 860 859 333
342 853 863 858
853 218 861 863
863 861 344 862
858 863 862 346
346 862 867 866
862 344 864 867
867 864 219 865
866 867 865 345
333 859 869 818
859 346 866 869
869 866 345 868
818 869 868 216
216 868 872 827
868 345 870 872
872 870 348 871
827 872 871 336
345 865 875 870
865 219 873 875
875 873 347 874
870 875 874 348
348 874 878 877
874 347 876 878
878 876 142 143
877 878 143 144
336 871 879 830
871 348 877 879
879 877 144 145
830 879 145 146
40 41 882 837
41 42 880 882
882 880 351 881
837 882 881 338
42 43 885 880
43 44 883 885
885 883 349 884
880 885 884 351
351 884 889 888
884 349 886 889
889 886 220 887
888 889 887 350
338 881 891 840
881 351 888 891
891 888 350 890
840 891 890 217
217 890 894 849
890 350 892 894
894 892 354 893
849 894 893 341
350 887 897 892
887 220 895 897
897 895 352 896
892 897 896 354
354 896 901 900
896 352 898 901
901 898 221 899
900 901 899 353
341 893 903 852
893 354 900 903
903 900 353 902
852 903 902 218
218 902 906 861
902 353 904 906
906 904 357 905
861 906 905 344
353 899 909 904
899 221 907 909
909 907 355 908
904 909 908 357
357 908 913 912
908 355 910 913
913 910 222 911
912 913 911 356
344 905 915 864
905 357 912 915
915 912 356 914
864 915 914 219
219 914 918 873
914 356 916 918
918 916 359 917
873 918 917 347
356 911 921 916
911 222 919 921
921 919 358 920
916 921 920 359
359 920 924 923
920 358 922 924
924 922 138 139
923 924 139 140
347 917 925 876
917 359 923 925
925 923 140 141
876 925 141 142
44 45 928 883
45 46 926 928
928 926 362 927
883 928 927 349
46 47 931 926
47 48 929 931
931 929 360 930
926 931 930 362
362 930 935 934
930 360 932 935
935 932 223 933
934 935 933 361
349 927 937 886
927 362 934 937
937 934 361 936
886 937 936 220
220 936 940 895
936 361 938 940
940 938 365 939
895 940 939 352
361 933 943 938
933 223 941 943
943 941 363 942
938 943 942 365
365 942 947 946
942 363 944 947
947 944 224 945
946 947 945 364
352 939 949 898
939 365 946 949
949 946 364 948
898 949 948 221
221 948 952 907
948 364 950 952
952 950 368 951
907 952 951 355
364 945 955 950
945 224 953 955
955 953 366 954
950 955 954 368
368 954 959 958
954 366 956 959
959 956 225 957
958 959 957 367
355 951 961 910
951 368 958 961
961 958 367 960
910 961 960 222
222 960 964 919
960 367 962 964
964 962 370 963
919 964 963 358
367 957 967 962
957 225 965 967
967 965 369 966
962 967 966 370
370 966 970 969
966 369 968 970
970 968 134 135
969 970 135 136
358 963 971 922
963 370 969 971
971 969 136 137
922 971 137 138
48 49 974 929
49 50 972 974
974 972 373 973
929 974 973 360
50 51 977 972
51 52 975 977
977 975 371 976
972 977 976 373
373 976 981 980
976 371 978 981
981 978 226 979
980 981 979 372
360 973 983 932
973 373 980 983
983 980 372 982
932 983 982 223
223 982 986 941
982 372 984 986
986 984 376 985
941 986 985 363
372 979 989 984
979 226 987 989
989 987 374 988
984 989 988 376
376 988 993 992
988 374 990 993
993 990 227 991
992 993 991 375
363 985 995 944
985 376 992 995
995 992 375 994
944 995 994 224
224 994 998 953
994 375 996 998
998 996 379 997
953 998 997 366
375 991 1001 996
991 227 999 1001
1001 999 377 1000
996 1001 1000 379
379 1000 1005 1004
1000 377 1002 1005
1005 1002 228 1003
1004 1005 1003 378
366 997 1007 956
997 379 1004 1007
1007 1004 378 1006
956 1007 1006 225
225 1006 1010 965
1006 378 1008 1010
1010 1008 381 1009
965 1010 1009 369
378 1003 1013 1008
1003 228 1011 1013
1013 1011 380 1012
1008 1013 1012 381
381 1012 1016 1015
1012 380 1014 1016
1016 1014 130 131
1015 1016 131 132
369 1009 1017 968
1009 381 1015 1017
1017 1015 132 133
968 1017 133 134
52 53 1020 975
53 54 1018 1020
1020 1018 384 1019
975 1020 1019 371
54 55 1023 1018
55 56 1021 1023
1023 1021 382 1022
1018 1023 1022 384
384 1022 1027 1026
1022 382 1024 1027
1027 1024 229 1025
1026 1027 1025 383
371 1019 1029 978
1019 384 1026 1029
1029 1026 383 1028
978 1029 1028 226
226 1028 1032 987
1028 383 1030 1032
1032 1030 387 1031
987 1032 1031 374
383 1025 1035 1030
1025 229 1033 1035
1035 1033 385 1034
1030 1035 1034 387
387 1034 1039 1038
1034 385 1036 1039
1039 1036 230 1037
1038 1039 1037 386
374 1031 1041 990
1031 387 1038 1041
1041 1038 386 1040
990 1041 1040 227
227 1040 1044 999
1040 386 1042 1044
1044 1042 390 1043
999 1044 1043 377
386 1037 1047 1042
1037 230 1045 1047
1047 1045 388 1046
1042 1047 1046 390
390 1046 1051 1050
1046 388 1048 1051
1051 1048 231 1049
1050 1051 1049 389
377 1043 1053 1002
1043 390 1050 1053
1053 1050 389 1052
1002 1053 1052 228
228 1052 1056 1011
1052 389 1054 1056
1056 1054 392 1055
1011 1056 1055 380
389 1049 1059 1054
1049 231 1057 1059
1059 1057 391 1058
1054 1059 1058 392
392 1058 1062 1061
1058 391 1060 1062
1062 1060 126 127
1061 1062 127 128
380 1055 1063 1014
1055 392 1061 1063
1063 1061 128 129
1014 1063 129 130
56 57 1066 1021
57 58 1064 1066
1066 1064 395 1065
1021 1066 1065 382
58 59 1069 1064
59 60 1067 1069
1069 1067 393 1068
1064 1069 1068 395
395 1068 1073 1072
1068 393 1070 1073
1073 1070 232 1071
1072 1073 1071 394
382 1065 1075 1024
1065 395 1072 1075
1075 1072 394 1074
1024 1075 1074 229
229 1074 1078 1033
1074 394 1076 1078
1078 1076 398 1077
1033 1078 1077 385
394 1071 1081 1076
1071 232 1079 1081
1081 1079 396 1080
1076 1081 1080 398
398 1080 1085 1084
1080 396 1082 1085
1085 1082 233 1083
1084 1085 1083 397
385 1077 1087 1036
1077 398 1084 1087
1087 1084 397 1086
1036 1087 1086 230
230 1086 1090 1045
1086 397 1088 1090
1090 1088 401 1089
1045 1090 1089 388
397 1083 1093 1088
1083 233 1091 1093
1093 1091 399 1092
1088 1093 1092 401
401 1092 1097 1096
1092 399 1094 1097
1097 1094 234 1095
1096 1097 1095 400
388 1089 1099 1048
1089 401 1096 1099
1099 1096 400 1098
1048 1099 1098 231
231 1098 1102 1057
1098 400 1100 1102
1102 1100 403 1101
1057 1102 1101 391
400 1095 1105 1100
1095 234 1103 1105
1105 1103 402 1104
1100 1105 1104 403
403 1104 1108 1107
1104 402 1106 1108
1108 1106 122 123
1107 1108 123 124
391 1101 1109 1060
1101 403 1107 1109
1109 1107 124 125
1060 1109 125 126
60 61 1112 1067
61 62 1110 1112
1112 1110 406 1111
1067 1112 1111 393
62 63 1115 1110
63 64 1113 1115
1115 1113 404 1114
1110 1115 1114 406
406 1114 1119 1118
1114 404 1116 1119
1119 1116 235 1117
1118 1119 1117 405
393 1111 1121 1070
1111 406 1118 1121
1121 1118 405 1120
1070 1121 1120 232
232 1120 1124 1079
1120 405 1122 1124
1124 1122 409 1123
1079 1124 1123 396
405 1117 1127 1122
1117 235 1125 1127
1127 1125 407 1126
1122 1127 1126 409
409 1126 1131 1130
1126 407 1128 1131
1131 1128 236 1129
1130 1131 1129 408
396 1123 1133 1082
1123 409 1130 1133
1133 1130 408 1132
1082 1133 1132 233
233 1132 1136 1091
1132 408 1134 1136
1136 1134 412 1135
1091 1136 1135 399
408 1129 1139 1134
1129 236 1137 1139
1139 1137 410 1138
1134 1139 1138 412
412 1138 1143 1142
1138 410 1140 1143
1143 1140 237 1141
1142 1143 1141 411
399 1135 1145 1094
1135 412 1142 1145
1145 1142 411 1144
1094 1145 1144 234
234 1144 1148 1103
1144 411 1146 1148
1148 1146 414 1147
1103 1148 1147 402
411 1141 1151 1146
1141 237 1149 1151
1151 1149 413 1150
1146 1151 1150 414
414 1150 1154 1153
1150 413 1152 1154
1154 1152 118 119
1153 1154 119 120
402 1147 1155 1106
1147 414 1153 1155
1155 1153 120 121
1106 1155 121 122
64 65 1158 1113
65 66 1156 1158
1158 1156 417 1157
1113 1158 1157 404
66 67 1161 1156
67 68 1159 1161
1161 1159 415 1160
1156 1161 1160 417
417 1160 1165 1164
1160 415 1162 1165
1165 1162 238 1163
1164 1165 1163 416
404 1157 1167 1116
1157 417 1164 1167
1167 1164 416 1166
1116 1167 1166 235
235 1166 1170 1125
1166 416 1168 1170
1170 1168 420 1169
1125 1170 1169 407
416 1163 1173 1168
1163 238 1171 1173
1173 1171 418 1172
1168 1173 1172 420
420 1172 1177 1176
1172 418 1174 1177
1177 1174 239 1175
1176 1177 1175 419
407 1169 1179 1128
1169 420 1176 1179
1179 1176 419 1178
1128 1179 1178 236
236 1178 1182 1137
1178 419 1180 1182
1182 1180 423 1181
1137 1182 1181 410
419 1175 1185 1180
1175 239 1183 1185
1185 1183 421 1184
1180 1185 1184 423
423 1184 1189 1188
1184 421 1186 1189
1189 1186 240 1187
1188 1189 1187 422
410 1181 1191 1140
1181 423 1188 1191
1191 1188 422 1190
1140 1191 1190 237
237 1190 1194 1149
1190 422 1192 1194
1194 1192 425 1193
1149 1194 1193 413
422 1187 1197 1192
1187 240 1195 1197
1197 1195 424 1196
1192 1197 1196 425
425 1196 1200 1199
1196 424 1198 1200
1200 1198 114 115
1199 1200 115 116
413 1193 1201 1152
1193 425 1199 1201
1201 1199 116 117
1152 1201 117 118
68 69 1204 1159
69 70 1202 1204
1204 1202 428 1203
1159 1204 1203 415
70 71 1207 1202
71 72 1205 1207
1207 1205 426 1206
1202 1207 1206 428
428 1206 1211 1210
1206 426 1208 1211
1211 1208 241 1209
1210 1211 1209 427
415 1203 1213 1162
1203 428 1210 1213
1213 1210 427 1212
1162 1213 1212 238
238 1212 1216 1171
1212 427 1214 1216
1216 1214 431 1215
1171 1216 1215 418
427 1209 1219 1214
1209 241 1217 1219
1219 1217 429 1218
1214 1219 1218 431
431 1218 1223 1222
1218 429 1220 1223
1223 1220 242 1221
1222 1223 1221 430
418 1215 1225 1174
1215 431 1222 1225
1225 1222 430 1224
1174 1225 1224 239
239 1224 1228 1183
1224 430 1226 1228
1228 1226 434 1227
1183 1228 1227 421
430 1221 1231 1226
1221 242 1229 1231
1231 1229 432 1230
1226 1231 1230 434
434 1230 1235 1234
1230 432 1232 1235
1235 1232 243 1233
1234 1235 1233 433
421 1227 1237 1186
1227 434 1234 1237
1237 1234 433 1236
1186 1237 1236 240
240 1236 1240 1195
1236 433 1238 1240
1240 1238 436 1239
1195 1240 1239 424
433 1233 1243 1238
1233 243 1241 1243
1243 1241 435 1242
1238 1243 1242 436
436 1242 1246 1245
1242 435 1244 1246
1246 1244 110 111
1245 1246 111 112
424 1239 1247 1198
1239 436 1245 1247
1247 1245 112 113
1198 1247 113 114
72 73 1250 1205
73 74 1248 1250
1250 1248 439 1249
1205 1250 1249 426
74 75 1253 1248
75 76 1251 1253
1253 1251 437 1252
1248 1253 1252 439
439 1252 1257 1256
1252 437 1254 1257
1257 1254 244 1255
1256 1257 1255 438
426 1249 1259 1208
1249 439 1256 1259
1259 1256 438 1258
1208 1259 1258 241
241 1258 1262 1217
1258 438 1260 1262
1262 1260 442 1261
1217 1262 1261 429
438 1255 1265 1260
1255 244 1263 1265
1265 1263 440 1264
1260 1265 1264 442
442 1264 1269 1268
1264 440 1266 1269
1269 1266 245 1267
1268 1269 1267 441
429 1261 1271 1220
1261 442 1268 1271
1271 1268 441 1270
1220 1271 1270 242
242 1270 1274 1229
1270 441 1272 1274
1274 1272 445 1273
1229 1274 1273 432
441 1267 1277 1272
1267 245 1275 1277
1277 1275 443 1276
1272 1277 1276 445
445 1276 1281 1280
1276 443 1278 1281
1281 1278 246 1279
1280 1281 1279 444
432 1273 1283 1232
1273 445 1280 1283
1283 1280 444 1282
1232 1283 1282 243
243 1282 1286 1241
1282 444 1284 1286
1286 1284 447 1285
1241 1286 1285 435
444 1279 1289 1284
1279 246 1287 1289
1289 1287 446 1288
1284 1289 1288 447
447 1288 1292 1291
1288 446 1290 1292
1292 1290 106 107
1291 1292 107 108
435 1285 1293 1244
1285 447 1291 1293
1293 1291 108 109
1244 1293 109 110
76 77 1296 1251
77 78 1294 1296
1296 1294 450 1295
1251 1296 1295 437
78 79 1299 1294
79 80 1297 1299
1299 1297 448 1298
1294 1299 1298 450
450 1298 1303 1302
1298 448 1300 1303
1303 1300 247 1301
1302 1303 1301 449
437 1295 1305 1254
1295 450 1302 1305
1305 1302 449 1304
1254 1305 1304 244
244 1304 1308 1263
1304 449 1306 1308
1308 1306 453 1307
1263 1308 1307 440
449 1301 1311 1306
1301 247 1309 1311
1311 1309 451 1310
1306 1311 1310 453
453 1310 1315 1314
1310 451 1312 1315
1315 1312 248 1313
1314 1315 1313 452
440 1307 1317 1266
1307 453 1314 1317
1317 1314 452 1316
1266 1317 1316 245
245 1316 1320 1275
1316 452 1318 1320
1320 1318 456 1319
1275 1320 1319 443
452 1313 1323 1318
1313 248 1321 1323
1323 1321 454 1322
1318 1323 1322 456
456 1322 1327 1326
1322 454 1324 1327
1327 1324 249 1325
1326 1327 1325 455
443 1319 1329 1278
1319 456 1326 1329
1329 1326 455 1328
1278 1329 1328 246
246 1328 1332 1287
1328 455 1330 1332
1332 1330 458 1331
1287 1332 1331 446
455 1325 1335 1330
1325 249 1333 1335
1335 1333 457 1334
1330 1335 1334 458
458 1334 1338 1337
1334 457 1336 1338
1338 1336 102 103
1337 1338 103 104
446 1331 1339 1290
1331 458 1337 1339
1339 1337 104 105
1290 1339 105 106
80 81 1342 1297
81 82 1340 1342
1342 1340 460 1341
1297 1342 1341 448
82 83 1344 1340
83 2 84 1344
1344 84 85 1343
1340 1344 1343 460
460 1343 1347 1346
1343 85 86 1347
1347 86 87 1345
1346 1347 1345 459
448 1341 1349 1300
1341 460 1346 1349
1349 1346 459 1348
1300 1349 1348 247
247 1348 1352 1309
1348 459 1350 1352
1352 1350 462 1351
1309 1352 1351 451
459 1345 1354 1350
1345 87 88 1354
1354 88 89 1353
1350 1354 1353 462
462 1353 1357 1356
1353 89 90 1357
1357 90 91 1355
1356 1357 1355 461
451 1351 1359 1312
1351 462 1356 1359
1359 1356 461 1358
1312 1359 1358 248
248 1358 1362 1321
1358 461 1360 1362
1362 1360 464 1361
1321 1362 1361 454
461 1355 1364 1360
1355 91 92 1364
1364 92 93 1363
1360 1364 1363 464
464 1363 1367 1366
1363 93 94 1367
1367 94 95 1365
1366 1367 1365 463
454 1361 1369 1324
1361 464 1366 1369
1369 1366 463 1368
1324 1369 1368 249
249 1368 1372 1333
1368 463 1370 1372
1372 1370 465 1371
1333 1372 1371 457
463 1365 1374 1370
1365 95 96 1374
1374 96 97 1373
1370 1374 1373 465
465 1373 1376 1375
1373 97 98 1376
1376 98 3 99
1375 1376 99 100
457 1371 1377 1336
1371 465 1375 1377
1377 1375 100 101
1336 1377 101 102
