1 1 1 1 1 5 156 96
2 1 1 1 5 6 154 156
3 1 1 1 156 154 97 155
4 1 1 1 96 156 155 95
5 1 1 1 95 155 159 94
6 1 1 1 155 97 157 159
7 1 1 1 159 157 98 158
8 1 1 1 94 159 158 93
9 1 1 1 93 158 162 92
10 1 1 1 158 98 160 162
11 1 1 1 162 160 99 161
12 1 1 1 92 162 161 91
13 1 1 1 91 161 164 90
14 1 1 1 161 99 163 164
15 1 1 1 164 163 88 89
16 1 1 1 90 164 89 4
17 1 1 1 6 7 167 154
18 1 1 1 7 8 165 167
19 1 1 1 167 165 100 166
20 1 1 1 154 167 166 97
21 1 1 1 97 166 170 157
22 1 1 1 166 100 168 170
23 1 1 1 170 168 101 169
24 1 1 1 157 170 169 98
25 1 1 1 98 169 173 160
26 1 1 1 169 101 171 173
27 1 1 1 173 171 102 172
28 1 1 1 160 173 172 99
29 1 1 1 99 172 175 163
30 1 1 1 172 102 174 175
31 1 1 1 175 174 86 87
32 1 1 1 163 175 87 88
33 1 1 1 8 9 178 165
34 1 1 1 9 10 176 178
35 1 1 1 178 176 103 177
36 1 1 1 165 178 177 100
37 1 1 1 100 177 181 168
38 1 1 1 177 103 179 181
39 1 1 1 181 179 104 180
40 1 1 1 168 181 180 101
41 1 1 1 101 180 184 171
42 1 1 1 180 104 182 184
43 1 1 1 184 182 105 183
44 1 1 1 171 184 183 102
45 1 1 1 102 183 186 174
46 1 1 1 183 105 185 186
47 1 1 1 186 185 84 85
48 1 1 1 174 186 85 86
49 1 1 1 10 11 189 176
50 1 1 1 11 12 187 189
51 1 1 1 189 187 106 188
52 1 1 1 176 189 188 103
53 1 1 1 103 188 192 179
54 1 1 1 188 106 190 192
55 1 1 1 192 190 107 191
56 1 1 1 179 192 191 104
57 1 1 1 104 191 195 182
58 1 1 1 191 107 193 195
59 1 1 1 195 193 108 194
60 1 1 1 182 195 194 105
61 1 1 1 105 194 197 185
62 1 1 1 194 108 196 197
63 1 1 1 197 196 82 83
64 1 1 1 185 197 83 84
65 1 1 1 12 13 200 187
66 1 1 1 13 14 198 200
67 1 1 1 200 198 109 199
68 1 1 1 187 200 199 106
69 1 1 1 106 199 203 190
70 1 1 1 199 109 201 203
71 1 1 1 203 201 110 202
72 1 1 1 190 203 202 107
73 1 1 1 107 202 206 193
74 1 1 1 202 110 204 206
75 1 1 1 206 204 111 205
76 1 1 1 193 206 205 108
77 1 1 1 108 205 208 196
78 1 1 1 205 111 207 208
79 1 1 1 208 207 80 81
80 1 1 1 196 208 81 82
81 1 1 1 14 15 211 198
82 1 1 1 15 16 209 211
83 1 1 1 211 209 112 210
84 1 1 1 198 211 210 109
85 1 1 1 109 210 214 201
86 1 1 1 210 112 212 214
87 1 1 1 214 212 113 213
88 1 1 1 201 214 213 110
89 1 1 1 110 213 217 204
90 1 1 1 213 113 215 217
91 1 1 1 217 215 114 216
92 1 1 1 204 217 216 111
93 1 1 1 111 216 219 207
94 1 1 1 216 114 218 219
95 1 1 1 219 218 78 79
96 1 1 1 207 219 79 80
97 1 1 1 16 17 222 209
98 1 1 1 17 18 220 222
99 1 1 1 222 220 115 221
100 1 1 1 209 222 221 112
101 1 1 1 112 221 225 212
102 1 1 1 221 115 223 225
103 1 1 1 225 223 116 224
104 1 1 1 212 225 224 113
105 1 1 1 113 224 228 215
106 1 1 1 224 116 226 228
107 1 1 1 228 226 117 227
108 1 1 1 215 228 227 114
109 1 1 1 114 227 230 218
110 1 1 1 227 117 229 230
111 1 1 1 230 229 76 77
112 1 1 1 218 230 77 78
113 1 1 1 18 19 233 220
114 1 1 1 19 20 231 233
115 1 1 1 233 231 118 232
116 1 1 1 220 233 232 115
117 1 1 1 115 232 236 223
118 1 1 1 232 118 234 236
119 1 1 1 236 234 119 235
120 1 1 1 223 236 235 116
121 1 1 1 116 235 239 226
122 1 1 1 235 119 237 239
123 1 1 1 239 237 120 238
124 1 1 1 226 239 238 117
125 1 1 1 117 238 241 229
126 1 1 1 238 120 240 241
127 1 1 1 241 240 74 75
128 1 1 1 229 241 75 76
129 1 1 1 20 21 244 231
130 1 1 1 21 22 242 244
131 1 1 1 244 242 121 243
132 1 1 1 231 244 243 118
133 1 1 1 118 243 247 234
134 1 1 1 243 121 245 247
135 1 1 1 247 245 122 246
136 1 1 1 234 247 246 119
137 1 1 1 119 246 250 237
138 1 1 1 246 122 248 250
139 1 1 1 250 248 123 249
140 1 1 1 237 250 249 120
141 1 1 1 120 249 252 240
142 1 1 1 249 123 251 252
143 1 1 1 252 251 72 73
144 1 1 1 240 252 73 74
145 1 1 1 22 23 255 242
146 1 1 1 23 24 253 255
147 1 1 1 255 253 124 254
148 1 1 1 242 255 254 121
149 1 1 1 121 254 258 245
150 1 1 1 254 124 256 258
151 1 1 1 258 256 125 257
152 1 1 1 245 258 257 122
153 1 1 1 122 257 261 248
154 1 1 1 257 125 259 261
155 1 1 1 261 259 126 260
156 1 1 1 248 261 260 123
157 1 1 1 123 260 263 251
158 1 1 1 260 126 262 263
159 1 1 1 263 262 70 71
160 1 1 1 251 263 71 72
161 1 1 1 24 25 266 253
162 1 1 1 25 26 264 266
163 1 1 1 266 264 127 265
164 1 1 1 253 266 265 124
165 1 1 1 124 265 269 256
166 1 1 1 265 127 267 269
167 1 1 1 269 267 128 268
168 1 1 1 256 269 268 125
169 1 1 1 125 268 272 259
170 1 1 1 268 128 270 272
171 1 1 1 272 270 129 271
172 1 1 1 259 272 271 126
173 1 1 1 126 271 274 262
174 1 1 1 271 129 273 274
175 1 1 1 274 273 68 69
176 1 1 1 262 274 69 70
177 1 1 1 26 27 277 264
178 1 1 1 27 28 275 277
179 1 1 1 277 275 130 276
180 1 1 1 264 277 276 127
181 1 1 1 127 276 280 267
182 1 1 1 276 130 278 280
183 1 1 1 280 278 131 279
184 1 1 1 267 280 279 128
185 1 1 1 128 279 283 270
186 1 1 1 279 131 281 283
187 1 1 1 283 281 132 282
188 1 1 1 270 283 282 129
189 1 1 1 129 282 285 273
190 1 1 1 282 132 284 285
191 1 1 1 285 284 66 67
192 1 1 1 273 285 67 68
193 1 1 1 28 29 288 275
194 1 1 1 29 30 286 288
195 1 1 1 288 286 133 287
196 1 1 1 275 288 287 130
197 1 1 1 130 287 291 278
198 1 1 1 287 133 289 291
199 1 1 1 291 289 134 290
200 1 1 1 278 291 290 131
201 1 1 1 131 290 294 281
202 1 1 1 290 134 292 294
203 1 1 1 294 292 135 293
204 1 1 1 281 294 293 132
205 1 1 1 132 293 296 284
206 1 1 1 293 135 295 296
207 1 1 1 296 295 64 65
208 1 1 1 284 296 65 66
209 1 1 1 30 31 299 286
210 1 1 1 31 32 297 299
211 1 1 1 299 297 136 298
212 1 1 1 286 299 298 133
213 1 1 1 133 298 302 289
214 1 1 1 298 136 300 302
215 1 1 1 302 300 137 301
216 1 1 1 289 302 301 134
217 1 1 1 134 301 305 292
218 1 1 1 301 137 303 305
219 1 1 1 305 303 138 304
220 1 1 1 292 305 304 135
221 1 1 1 135 304 307 295
222 1 1 1 304 138 306 307
223 1 1 1 307 306 62 63
224 1 1 1 295 307 63 64
225 1 1 1 32 33 310 297
226 1 1 1 33 34 308 310
227 1 1 1 310 308 139 309
228 1 1 1 297 310 309 136
229 1 1 1 136 309 313 300
230 1 1 1 309 139 311 313
231 1 1 1 313 311 140 312
232 1 1 1 300 313 312 137
233 1 1 1 137 312 316 303
234 1 1 1 312 140 314 316
235 1 1 1 316 314 141 315
236 1 1 1 303 316 315 138
237 1 1 1 138 315 318 306
238 1 1 1 315 141 317 318
239 1 1 1 318 317 60 61
240 1 1 1 306 318 61 62
241 1 1 1 34 35 321 308
242 1 1 1 35 36 319 321
243 1 1 1 321 319 142 320
244 1 1 1 308 321 320 139
245 1 1 1 139 320 324 311
246 1 1 1 320 142 322 324
247 1 1 1 324 322 143 323
248 1 1 1 311 324 323 140
249 1 1 1 140 323 327 314
250 1 1 1 323 143 325 327
251 1 1 1 327 325 144 326
252 1 1 1 314 327 326 141
253 1 1 1 141 326 329 317
254 1 1 1 326 144 328 329
255 1 1 1 329 328 58 59
256 1 1 1 317 329 59 60
257 1 1 1 36 37 332 319
258 1 1 1 37 38 330 332
259 1 1 1 332 330 145 331
260 1 1 1 319 332 331 142
261 1 1 1 142 331 335 322
262 1 1 1 331 145 333 335
263 1 1 1 335 333 146 334
264 1 1 1 322 335 334 143
265 1 1 1 143 334 338 325
266 1 1 1 334 146 336 338
267 1 1 1 338 336 147 337
268 1 1 1 325 338 337 144
269 1 1 1 144 337 340 328
270 1 1 1 337 147 339 340
271 1 1 1 340 339 56 57
272 1 1 1 328 340 57 58
273 1 1 1 38 39 343 330
274 1 1 1 39 40 341 343
275 1 1 1 343 341 148 342
276 1 1 1 330 343 342 145
277 1 1 1 145 342 346 333
278 1 1 1 342 148 344 346
279 1 1 1 346 344 149 345
280 1 1 1 333 346 345 146
281 1 1 1 146 345 349 336
282 1 1 1 345 149 347 349
283 1 1 1 349 347 150 348
284 1 1 1 336 349 348 147
285 1 1 1 147 348 351 339
286 1 1 1 348 150 350 351
287 1 1 1 351 350 54 55
288 1 1 1 339 351 55 56
289 1 1 1 40 41 354 341
290 1 1 1 41 42 352 354
291 1 1 1 354 352 151 353
292 1 1 1 341 354 353 148
293 1 1 1 148 353 357 344
294 1 1 1 353 151 355 357
295 1 1 1 357 355 152 356
296 1 1 1 344 357 356 149
297 1 1 1 149 356 360 347
298 1 1 1 356 152 358 360
299 1 1 1 360 358 153 359
300 1 1 1 347 360 359 150
301 1 1 1 150 359 362 350
302 1 1 1 359 153 361 362
303 1 1 1 362 361 52 53
304 1 1 1 350 362 53 54
305 1 1 1 42 43 364 352
306 1 1 1 43 2 44 364
307 1 1 1 364 44 45 363
308 1 1 1 352 364 363 151
309 1 1 1 151 363 366 355
310 1 1 1 363 45 46 366
311 1 1 1 366 46 47 365
312 1 1 1 355 366 365 152
313 1 1 1 152 365 368 358
314 1 1 1 365 47 48 368
315 1 1 1 368 48 49 367
316 1 1 1 358 368 367 153
317 1 1 1 153 367 369 361
318 1 1 1 367 49 50 369
319 1 1 1 369 50 3 51
320 1 1 1 361 369 51 52
