1 5 252 184 44 466 467 192 468
5 6 250 252 45 469 470 466 471
252 250 193 251 470 472 473 474 475
184 252 251 183 467 474 476 191 477
183 251 255 182 476 478 479 190 480
251 193 253 255 473 481 482 478 483
255 253 194 254 482 484 485 486 487
182 255 254 181 479 486 488 189 489
181 254 258 180 488 490 491 188 492
254 194 256 258 485 493 494 490 495
258 256 195 257 494 496 497 498 499
180 258 257 179 491 498 500 187 501
179 257 260 178 500 502 503 186 504
257 195 259 260 497 505 506 502 507
260 259 136 137 506 508 176 509 510
178 260 137 4 503 509 177 185 511
6 7 263 250 46 512 513 469 514
7 8 261 263 47 515 516 512 517
263 261 196 262 516 518 519 520 521
250 263 262 193 513 520 522 472 523
193 262 266 253 522 524 525 481 526
262 196 264 266 519 527 528 524 529
266 264 197 265 528 530 531 532 533
253 266 265 194 525 532 534 484 535
194 265 269 256 534 536 537 493 538
265 197 267 269 531 539 540 536 541
269 267 198 268 540 542 543 544 545
256 269 268 195 537 544 546 496 547
195 268 271 259 546 548 549 505 550
268 198 270 271 543 551 552 548 553
271 270 134 135 552 554 174 555 556
259 271 135 136 549 555 175 508 557
8 9 274 261 48 558 559 515 560
9 10 272 274 49 561 562 558 563
274 272 199 273 562 564 565 566 567
261 274 273 196 559 566 568 518 569
196 273 277 264 568 570 571 527 572
273 199 275 277 565 573 574 570 575
277 275 200 276 574 576 577 578 579
264 277 276 197 571 578 580 530 581
197 276 280 267 580 582 583 539 584
276 200 278 280 577 585 586 582 587
280 278 201 279 586 588 589 590 591
267 280 279 198 583 590 592 542 593
198 279 282 270 592 594 595 551 596
279 201 281 282 589 597 598 594 599
282 281 132 133 598 600 172 601 602
270 282 133 134 595 601 173 554 603
10 11 285 272 50 604 605 561 606
11 12 283 285 51 607 608 604 609
285 283 202 284 608 610 611 612 613
272 285 284 199 605 612 614 564 615
199 284 288 275 614 616 617 573 618
284 202 286 288 611 619 620 616 621
288 286 203 287 620 622 623 624 625
275 288 287 200 617 624 626 576 627
200 287 291 278 626 628 629 585 630
287 203 289 291 623 631 632 628 633
291 289 204 290 632 634 635 636 637
278 291 290 201 629 636 638 588 639
201 290 293 281 638 640 641 597 642
290 204 292 293 635 643 644 640 645
293 292 130 131 644 646 170 647 648
281 293 131 132 641 647 171 600 649
12 13 296 283 52 650 651 607 652
13 14 294 296 53 653 654 650 655
296 294 205 295 654 656 657 658 659
283 296 295 202 651 658 660 610 661
202 295 299 286 660 662 663 619 664
295 205 297 299 657 665 666 662 667
299 297 206 298 666 668 669 670 671
286 299 298 203 663 670 672 622 673
203 298 302 289 672 674 675 631 676
298 206 300 302 669 677 678 674 679
302 300 207 301 678 680 681 682 683
289 302 301 204 675 682 684 634 685
204 301 304 292 684 686 687 643 688
301 207 303 304 681 689 690 686 691
304 303 128 129 690 692 168 693 694
292 304 129 130 687 693 169 646 695
14 15 307 294 54 696 697 653 698
15 16 305 307 55 699 700 696 701
307 305 208 306 700 702 703 704 705
294 307 306 205 697 704 706 656 707
205 306 310 297 706 708 709 665 710
306 208 308 310 703 711 712 708 713
310 308 209 309 712 714 715 716 717
297 310 309 206 709 716 718 668 719
206 309 313 300 718 720 721 677 722
309 209 311 313 715 723 724 720 725
313 311 210 312 724 726 727 728 729
300 313 312 207 721 728 730 680 731
207 312 315 303 730 732 733 689 734
312 210 314 315 727 735 736 732 737
315 314 126 127 736 738 166 739 740
303 315 127 128 733 739 167 692 741
16 17 318 305 56 742 743 699 744
17 18 316 318 57 745 746 742 747
318 316 211 317 746 748 749 750 751
305 318 317 208 743 750 752 702 753
208 317 321 308 752 754 755 711 756
317 211 319 321 749 757 758 754 759
321 319 212 320 758 760 761 762 763
308 321 320 209 755 762 764 714 765
209 320 324 311 764 766 767 723 768
320 212 322 324 761 769 770 766 771
324 322 213 323 770 772 773 774 775
311 324 323 210 767 774 776 726 777
210 323 326 314 776 778 779 735 780
323 213 325 326 773 781 782 778 783
326 325 124 125 782 784 164 785 786
314 326 125 126 779 785 165 738 787
18 19 329 316 58 788 789 745 790
19 20 327 329 59 791 792 788 793
329 327 214 328 792 794 795 796 797
316 329 328 211 789 796 798 748 799
211 328 332 319 798 800 801 757 802
328 214 330 332 795 803 804 800 805
332 330 215 331 804 806 807 808 809
319 332 331 212 801 808 810 760 811
212 331 335 322 810 812 813 769 814
331 215 333 335 807 815 816 812 817
335 333 216 334 816 818 819 820 821
322 335 334 213 813 820 822 772 823
213 334 337 325 822 824 825 781 826
334 216 336 337 819 827 828 824 829
337 336 122 123 828 830 162 831 832
325 337 123 124 825 831 163 784 833
20 21 340 327 60 834 835 791 836
21 22 338 340 61 837 838 834 839
340 338 217 339 838 840 841 842 843
327 340 339 214 835 842 844 794 845
214 339 343 330 844 846 847 803 848
339 217 341 343 841 849 850 846 851
343 341 218 342 850 852 853 854 855
330 343 342 215 847 854 856 806 857
215 342 346 333 856 858 859 815 860
342 218 344 346 853 861 862 858 863
346 344 219 345 862 864 865 866 867
333 346 345 216 859 866 868 818 869
216 345 348 336 868 870 871 827 872
345 219 347 348 865 873 874 870 875
348 347 120 121 874 876 160 877 878
336 348 121 122 871 877 161 830 879
22 23 351 338 62 880 881 837 882
23 24 349 351 63 883 884 880 885
351 349 220 350 884 886 887 888 889
338 351 350 217 881 888 890 840 891
217 350 354 341 890 892 893 849 894
350 220 352 354 887 895 896 892 897
354 352 221 353 896 898 899 900 901
341 354 353 218 893 900 902 852 903
218 353 357 344 902 904 905 861 906
353 221 355 357 899 907 908 904 909
357 355 222 356 908 910 911 912 913
344 357 356 219 905 912 914 864 915
219 356 359 347 914 916 917 873 918
356 222 358 359 911 919 920 916 921
359 358 118 119 920 922 158 923 924
347 359 119 120 917 923 159 876 925
24 25 362 349 64 926 927 883 928
25 26 360 362 65 929 930 926 931
362 360 223 361 930 932 933 934 935
349 362 361 220 927 934 936 886 937
220 361 365 352 936 938 939 895 940
361 223 363 365 933 941 942 938 943
365 363 224 364 942 944 945 946 947
352 365 364 221 939 946 948 898 949
221 364 368 355 948 950 951 907 952
364 224 366 368 945 953 954 950 955
368 366 225 367 954 956 957 958 959
355 368 367 222 951 958 960 910 961
222 367 370 358 960 962 963 919 964
367 225 369 370 957 965 966 962 967
370 369 116 117 966 968 156 969 970
358 370 117 118 963 969 157 922 971
26 27 373 360 66 972 973 929 974
27 28 371 373 67 975 976 972 977
373 371 226 372 976 978 979 980 981
360 373 372 223 973 980 982 932 983
223 372 376 363 982 984 985 941 986
372 226 374 376 979 987 988 984 989
376 374 227 375 988 990 991 992 993
363 376 375 224 985 992 994 944 995
224 375 379 366 994 996 997 953 998
375 227 377 379 991 999 1000 996 1001
379 377 228 378 1000 1002 1003 1004 1005
366 379 378 225 997 1004 1006 956 1007
225 378 381 369 1006 1008 1009 965 1010
378 228 380 381 1003 1011 1012 1008 1013
381 380 114 115 1012 1014 154 1015 1016
369 381 115 116 1009 1015 155 968 1017
28 29 384 371 68 1018 1019 975 1020
29 30 382 384 69 1021 1022 1018 1023
384 382 229 383 1022 1024 1025 1026 1027
371 384 383 226 1019 1026 1028 978 1029
226 383 387 374 1028 1030 1031 987 1032
383 229 385 387 1025 1033 1034 1030 1035
387 385 230 386 1034 1036 1037 1038 1039
374 387 386 227 1031 1038 1040 990 1041
227 386 390 377 1040 1042 1043 999 1044
386 230 388 390 1037 1045 1046 1042 1047
390 388 231 389 1046 1048 1049 1050 1051
377 390 389 228 1043 1050 1052 1002 1053
228 389 392 380 1052 1054 1055 1011 1056
389 231 391 392 1049 1057 1058 1054 1059
392 391 112 113 1058 1060 152 1061 1062
380 392 113 114 1055 1061 153 1014 1063
30 31 395 382 70 1064 1065 1021 1066
31 32 393 395 71 1067 1068 1064 1069
395 393 232 394 1068 1070 1071 1072 1073
382 395 394 229 1065 1072 1074 1024 1075
229 394 398 385 1074 1076 1077 1033 1078
394 232 396 398 1071 1079 1080 1076 1081
398 396 233 397 1080 1082 1083 1084 1085
385 398 397 230 1077 1084 1086 1036 1087
230 397 401 388 1086 1088 1089 1045 1090
397 233 399 401 1083 1091 1092 1088 1093
401 399 234 400 1092 1094 1095 1096 1097
388 401 400 231 1089 1096 1098 1048 1099
231 400 403 391 1098 1100 1101 1057 1102
400 234 402 403 1095 1103 1104 1100 1105
403 402 110 111 1104 1106 150 1107 1108
391 403 111 112 1101 1107 151 1060 1109
32 33 406 393 72 1110 1111 1067 1112
33 34 404 406 73 1113 1114 1110 1115
406 404 235 405 1114 1116 1117 1118 1119
393 406 405 232 1111 1118 1120 1070 1121
232 405 409 396 1120 1122 1123 1079 1124
405 235 407 409 1117 1125 1126 1122 1127
409 407 236 408 1126 1128 1129 1130 1131
396 409 408 233 1123 1130 1132 1082 1133
233 408 412 399 1132 1134 1135 1091 1136
408 236 410 412 1129 1137 1138 1134 1139
412 410 237 411 1138 1140 1141 1142 1143
399 412 411 234 1135 1142 1144 1094 1145
234 411 414 402 1144 1146 1147 1103 1148
411 237 413 414 1141 1149 1150 1146 1151
414 413 108 109 1150 1152 148 1153 1154
402 414 109 110 1147 1153 149 1106 1155
34 35 417 404 74 1156 1157 1113 1158
35 36 415 417 75 1159 1160 1156 1161
417 415 238 416 1160 1162 1163 1164 1165
404 417 416 235 1157 1164 1166 1116 1167
235 416 420 407 1166 1168 1169 1125 1170
416 238 418 420 1163 1171 1172 1168 1173
420 418 239 419 1172 1174 1175 1176 1177
407 420 419 236 1169 1176 1178 1128 1179
236 419 423 410 1178 1180 1181 1137 1182
419 239 421 423 1175 1183 1184 1180 1185
423 421 240 422 1184 1186 1187 1188 1189
410 423 422 237 1181 1188 1190 1140 1191
237 422 425 413 1190 1192 1193 1149 1194
422 240 424 425 1187 1195 1196 1192 1197
425 424 106 107 1196 1198 146 1199 1200
413 425 107 108 1193 1199 147 1152 1201
36 37 428 415 76 1202 1203 1159 1204
37 38 426 428 77 1205 1206 1202 1207
428 426 241 427 1206 1208 1209 1210 1211
415 428 427 238 1203 1210 1212 1162 1213
238 427 431 418 1212 1214 1215 1171 1216
427 241 429 431 1209 1217 1218 1214 1219
431 429 242 430 1218 1220 1221 1222 1223
418 431 430 239 1215 1222 1224 1174 1225
239 430 434 421 1224 1226 1227 1183 1228
430 242 432 434 1221 1229 1230 1226 1231
434 432 243 433 1230 1232 1233 1234 1235
421 434 433 240 1227 1234 1236 1186 1237
240 433 436 424 1236 1238 1239 1195 1240
433 243 435 436 1233 1241 1242 1238 1243
436 435 104 105 1242 1244 144 1245 1246
424 436 105 106 1239 1245 145 1198 1247
38 39 439 426 78 1248 1249 1205 1250
39 40 437 439 79 1251 1252 1248 1253
439 437 244 438 1252 1254 1255 1256 1257
426 439 438 241 1249 1256 1258 1208 1259
241 438 442 429 1258 1260 1261 1217 1262
438 244 440 442 1255 1263 1264 1260 1265
442 440 245 441 1264 1266 1267 1268 1269
429 442 441 242 1261 1268 1270 1220 1271
242 441 445 432 1270 1272 1273 1229 1274
441 245 443 445 1267 1275 1276 1272 1277
445 443 246 444 1276 1278 1279 1280 1281
432 445 444 243 1273 1280 1282 1232 1283
243 444 447 435 1282 1284 1285 1241 1286
444 246 446 447 1279 1287 1288 1284 1289
447 446 102 103 1288 1290 142 1291 1292
435 447 103 104 1285 1291 143 1244 1293
40 41 450 437 80 1294 1295 1251 1296
41 42 448 450 81 1297 1298 1294 1299
450 448 247 449 1298 1300 1301 1302 1303
437 450 449 244 1295 1302 1304 1254 1305
244 449 453 440 1304 1306 1307 1263 1308
449 247 451 453 1301 1309 1310 1306 1311
453 451 248 452 1310 1312 1313 1314 1315
440 453 452 245 1307 1314 1316 1266 1317
245 452 456 443 1316 1318 1319 1275 1320
452 248 454 456 1313 1321 1322 1318 1323
456 454 249 455 1322 1324 1325 1326 1327
443 456 455 246 1319 1326 1328 1278 1329
246 455 458 446 1328 1330 1331 1287 1332
455 249 457 458 1325 1333 1334 1330 1335
458 457 100 101 1334 1336 140 1337 1338
446 458 101 102 1331 1337 141 1290 1339
42 43 460 448 82 1340 1341 1297 1342
43 2 84 460 83 91 1343 1340 1344
460 84 85 459 1343 92 1345 1346 1347
448 460 459 247 1341 1346 1348 1300 1349
247 459 462 451 1348 1350 1351 1309 1352
459 85 86 462 1345 93 1353 1350 1354
462 86 87 461 1353 94 1355 1356 1357
451 462 461 248 1351 1356 1358 1312 1359
248 461 464 454 1358 1360 1361 1321 1362
461 87 88 464 1355 95 1363 1360 1364
464 88 89 463 1363 96 1365 1366 1367
454 464 463 249 1361 1366 1368 1324 1369
249 463 465 457 1368 1370 1371 1333 1372
463 89 90 465 1365 97 1373 1370 1374
465 90 3 99 1373 98 138 1375 1376
457 465 99 100 1371 1375 139 1336 1377
